
    STEP   DAMPING               NORMS              COMPUTATION TIMES
  IT SIT     GAMMA     ||d||     ||f||     ||U||   F(x)  DF(x)  SOLVE
   0                          1.48e-04  4.68e+01    0.0    0.0    0.0
   1   1  1.00e+00  1.05e-04  7.41e-13  4.68e+01    0.0    0.0    0.0
   2   1  1.00e+00  3.61e-11  1.58e-17  4.68e+01    0.0    0.0    0.0

 STEP      TIME        ||U||  LABEL  TYPE     po.period            T
    0  00:00:00   4.6817e+01      1  EP      2.3409e+01   2.3409e+01
   10  00:00:01   4.4736e+01      2          2.2367e+01   2.2367e+01
   20  00:00:02   4.4568e+01      3          2.2283e+01   2.2283e+01
   30  00:00:03   4.4473e+01      4          2.2235e+01   2.2235e+01
   40  00:00:03   4.4388e+01      5          2.2193e+01   2.2193e+01
   50  00:00:04   4.4267e+01      6          2.2133e+01   2.2133e+01
   60  00:00:05   4.3971e+01      7          2.1986e+01   2.1986e+01
   70  00:00:05   4.0637e+01      8          2.0319e+01   2.0319e+01
   80  00:00:06   3.5637e+01      9          1.7819e+01   1.7819e+01
   90  00:00:06   3.0637e+01     10          1.5319e+01   1.5319e+01
  100  00:00:07   2.5637e+01     11          1.2819e+01   1.2819e+01
  110  00:00:07   2.0637e+01     12          1.0319e+01   1.0319e+01
  120  00:00:08   1.6233e+01     13          8.1164e+00   8.1164e+00
  130  00:00:09   1.6066e+01     14          8.0324e+00   8.0324e+00
  140  00:00:09   1.6024e+01     15          8.0105e+00   8.0105e+00
  150  00:00:10   1.5996e+01     16          7.9962e+00   7.9962e+00
  160  00:00:10   1.5972e+01     17          7.9848e+00   7.9848e+00
  170  00:00:11   1.5944e+01     18          7.9711e+00   7.9711e+00
  180  00:00:12   1.5881e+01     19          7.9405e+00   7.9405e+00
  190  00:00:12   1.5631e+01     20          7.8155e+00   7.8155e+00
  193  00:00:13   1.5246e+01     21  EP      7.6229e+00   7.6229e+00
